  5.6000000e+000  6.6000000e+000  1.0300000e+001  1.2800000e+001  1.5800000e+001  1.9300000e+001  2.0900000e+001  2.1000000e+001  1.8600000e+001  1.3800000e+001  9.1000000e+000  6.2000000e+000  4.4500000e+001 -3.4000000e-001  1.3330000e+001  1.5400000e+001
  6.1000000e+000  5.8000000e+000  7.8000000e+000  9.2000000e+000  1.1600000e+001  1.4400000e+001  1.5600000e+001  1.6000000e+001  1.4700000e+001  1.2000000e+001  9.0000000e+000  7.0000000e+000  4.8240000e+001 -4.2900000e+000  1.0770000e+001  1.0200000e+001
  2.6000000e+000  3.7000000e+000  7.5000000e+000  1.0300000e+001  1.3800000e+001  1.7300000e+001  1.9400000e+001  1.9100000e+001  1.6200000e+001  1.1200000e+001  6.6000000e+000  3.6000000e+000  4.5470000e+001  3.0500000e+000  1.0940000e+001  1.6800000e+001
  1.5000000e+000  3.2000000e+000  7.7000000e+000  1.0600000e+001  1.4500000e+001  1.7800000e+001  2.0100000e+001  1.9500000e+001  1.6700000e+001  1.1400000e+001  6.5000000e+000  2.3000000e+000  4.5100000e+001  5.4300000e+000  1.0980000e+001  1.8600000e+001
  2.4000000e+000  2.9000000e+000  6.0000000e+000  8.9000000e+000  1.2400000e+001  1.5300000e+001  1.7100000e+001  1.7100000e+001  1.4700000e+001  1.0400000e+001  6.1000000e+000  3.5000000e+000  5.0380000e+001  3.0400000e+000  9.7300000e+000  1.4700000e+001
  2.1000000e+000  3.3000000e+000  7.7000000e+000  1.0900000e+001  1.4900000e+001  1.8500000e+001  2.0700000e+001  2.0100000e+001  1.6900000e+001  1.1400000e+001  6.7000000e+000  3.1000000e+000  4.5450000e+001  4.5100000e+000  1.1360000e+001  1.8600000e+001
  5.5000000e+000  6.6000000e+000  1.0000000e+001  1.3000000e+001  1.6800000e+001  2.0800000e+001  2.3300000e+001  2.2800000e+001  1.9900000e+001  1.5000000e+001  1.0200000e+001  6.9000000e+000  4.3180000e+001  5.2400000e+000  1.4230000e+001  1.7800000e+001
  5.6000000e+000  6.7000000e+000  9.9000000e+000  1.2800000e+001  1.6200000e+001  2.0100000e+001  2.2700000e+001  2.2300000e+001  1.9300000e+001  1.4600000e+001  1.0000000e+001  6.5000000e+000  4.3360000e+001  3.5300000e+000  1.3890000e+001  1.7100000e+001
  5.0000000e+000  5.3000000e+000  8.4000000e+000  1.0800000e+001  1.3900000e+001  1.7200000e+001  1.8800000e+001  1.8600000e+001  1.6400000e+001  1.2200000e+001  8.2000000e+000  5.5000000e+000  4.7130000e+001 -1.3300000e+000  1.1690000e+001  1.3800000e+001
  7.5000000e+000  8.5000000e+000  1.0800000e+001  1.3300000e+001  1.6700000e+001  2.0100000e+001  2.2700000e+001  2.2500000e+001  2.0300000e+001  1.6000000e+001  1.1500000e+001  8.2000000e+000  4.3420000e+001  7.1500000e+000  1.4840000e+001  1.5200000e+001
  3.4000000e+000  4.1000000e+000  7.6000000e+000  1.0700000e+001  1.4300000e+001  1.7500000e+001  1.9100000e+001  1.8700000e+001  1.6000000e+001  1.1400000e+001  7.1000000e+000  4.3000000e+000  4.8520000e+001  2.2000000e+000  1.1180000e+001  1.5700000e+001
  4.8000000e+000  5.3000000e+000  7.9000000e+000  1.0100000e+001  1.3100000e+001  1.6200000e+001  1.7900000e+001  1.7800000e+001  1.5700000e+001  1.1600000e+001  7.8000000e+000  5.4000000e+000  4.8050000e+001 -1.4100000e+000  1.1130000e+001  1.3100000e+001
  4.0000000e-001  1.5000000e+000  5.6000000e+000  9.8000000e+000  1.4000000e+001  1.7200000e+001  1.9000000e+001  1.8300000e+001  1.5100000e+001  9.5000000e+000  4.9000000e+000  1.3000000e+000  4.8350000e+001  7.4500000e+000  9.7200000e+000  1.8600000e+001
  4.7000000e+000  5.6000000e+000  9.2000000e+000  1.1600000e+001  1.4900000e+001  1.8700000e+001  2.0900000e+001  2.0900000e+001  1.8300000e+001  1.3300000e+001  8.6000000e+000  5.5000000e+000  4.3360000e+001  1.2600000e+000  1.2680000e+001  1.6200000e+001
  2.4000000e+000  3.4000000e+000  7.1000000e+000  9.9000000e+000  1.3600000e+001  1.7100000e+001  1.9300000e+001  1.8800000e+001  1.6000000e+001  1.1000000e+001  6.6000000e+000  3.4000000e+000  4.6080000e+001  3.2600000e+000  1.0720000e+001  1.6900000e+001
